[Form_main]
Top=100
Left=100
Width=474
Height=1093
InitMax=0
[Form_PW]
Top=311
Left=1466
Width=854
Height=752
InitMax=0
PMin=-3.14158606830455
PMax=3.14159231299748
ROI_Left=100
ROI_Top=100
ROI_Right=300
ROI_Bottom=300
Mag=2
[Param]
OW=1000
OH=1020
PW=1000
PH=1020
OFFX=0
OFFY=0
FN=D:\10212320_0_cal\sino\10212320_0_s_
File_Format=1
Phase_Type=1
File_Dig=0
UnWrap_Method=4
UnWrap_Dir=0
UnWrap_Factor=1
Start_No=430
End_No=850
[Form_SAKAS]
Top=309
Left=575
Width=1007
Height=677
InitMax=0
